{"model_type": "random_forest", "trained_on": 8000, "test_accuracy": 0.5575, "classes": ["Low", "Moderate", "Good", "Excellent"], "feature_names": ["temp", "rain", "humidity", "soil_Alluvial", "soil_Black (Regur)", "soil_Red", "soil_Loamy", "soil_Sandy", "soil_Clay", "soil_Laterite", "crop_Rice", "crop_Wheat", "crop_Sugarcane", "crop_Maize", "crop_Cotton", "crop_Soybean", "crop_Groundnut", "crop_Mustard", "crop_Tomato", "crop_Onion"], "soils": ["Alluvial", "Black (Regur)", "Red", "Loamy", "Sandy", "Clay", "Laterite"], "crops": ["Rice", "Wheat", "Sugarcane", "Maize", "Cotton", "Soybean", "Groundnut", "Mustard", "Tomato", "Onion"], "n_estimators": 25, "trees": [{"feature": [0, 6, 17, 1, 1, 12, 4, 19, -2, -2, 10, -2, -2, 1, 2, -2, -2, 0, -2, -2, 2, 9, 2, -2, -2, 15, -2, -2, 10, 2, -2, -2, 7, -2, -2, 12, 2, 14, 0, -2, -2, 8, -2, -2, 10, 9, -2, -2, 3, -2, -2, 2, 2, 2, -2, -2, 2, -2, -2, 1, 5, -2, -2, 2, -2, -2, 5, 1, 0, 1, 4, -2, -2, 2, -2, -2, 2, 0, -2, -2, 2, -2, -2, 2, 9, 4, -2, -2, 2, -2, -2, 2, 4, -2, -2, 4, -2, -2, 2, 2, -2, -2, 1, 2, 0, -2, -2, 1, -2, -2, 2, 1, -2, -2, 0, -2, -2, 2, 0, 1, -2, -2, 0, 10, 0, -2, -2, -2, 14, 2, 2, -2, -2, -2, -2, 10, 16, 13, 2, 0, -2, -2, 14, -2, -2, 0, 1, -2, -2, 1, -2, -2, 0, 0, -2, 1, -2, -2, 1, 2, -2, -2, 0, -2, -2, 2, 1, 0, 0, -2, -2, -2, 0, 0, -2, -2, 1, -2, -2, 2, -2, 0, -2, 1, -2, -2, 0, 2, 15, 2, 14, 4, 12, -2, -2, 11, -2, -2, 5, 4, -2, -2, 1, -2, -2, 8, 0, 10, -2, -2, 6, -2, -2, 0, 1, -2, -2, 1, -2, -2, 5, 2, 7, 4, -2, -2, 0, -2, -2, 1, -2, 7, -2, -2, 2, -2, -2, 0, 4, 16, 6, 19, -2, -2, 2, -2, -2, 3, -2, -2, 15, -2, -2, 11, 3, 10, 1, -2, -2, 2, -2, -2, 2, -2, -2, 0, -2, -2, 2, 2, -2, 7, 17, 1, 6, -2, -2, 3, -2, -2, 5, -2, -2, 15, 13, 1, -2, -2, -2, -2, 1, 1, 0, 0, -2, 6, -2, -2, -2, 2, 1, 16, -2, -2, 10, -2, -2, 17, 8, -2, -2, -2, 2, 10, 19, 8, -2, -2, -2, -2, 10, 9, 1, -2, -2, -2, -2], "threshold": [32.30467987060547, 0.5, 0.5, 187.78975677490234, 40.448225021362305, 0.5, 0.5, 0.5, -2.0, -2.0, 0.5, -2.0, -2.0, 34.423484802246094, 55.74647903442383, -2.0, -2.0, 17.247309684753418, -2.0, -2.0, 37.27033615112305, 0.5, 7.436582803726196, -2.0, -2.0, 0.5, -2.0, -2.0, 0.5, 73.23457336425781, -2.0, -2.0, 0.5, -2.0, -2.0, 0.5, 76.91632080078125, 0.5, 16.545116424560547, -2.0, -2.0, 0.5, -2.0, -2.0, 0.5, 0.5, -2.0, -2.0, 0.5, -2.0, -2.0, 45.12971496582031, 42.64184761047363, 41.589420318603516, -2.0, -2.0, 44.06661033630371, -2.0, -2.0, 244.6653823852539, 0.5, -2.0, -2.0, 54.64339065551758, -2.0, -2.0, 0.5, 104.36399459838867, 27.241515159606934, 1.7654781341552734, 0.5, -2.0, -2.0, 67.67486953735352, -2.0, -2.0, 80.99910736083984, 28.841925621032715, -2.0, -2.0, 85.610107421875, -2.0, -2.0, 66.03061294555664, 0.5, 0.5, -2.0, -2.0, 61.599496841430664, -2.0, -2.0, 73.02727127075195, 0.5, -2.0, -2.0, 0.5, -2.0, -2.0, 39.08958053588867, 22.239100456237793, -2.0, -2.0, 160.66607666015625, 91.05263900756836, 23.38698101043701, -2.0, -2.0, 106.60685348510742, -2.0, -2.0, 56.929771423339844, 182.20819091796875, -2.0, -2.0, 28.957608222961426, -2.0, -2.0, 28.782184600830078, 24.469096183776855, 76.15736961364746, -2.0, -2.0, 28.08892059326172, 0.5, 25.169331550598145, -2.0, -2.0, -2.0, 0.5, 26.24678897857666, 19.248958587646484, -2.0, -2.0, -2.0, -2.0, 0.5, 0.5, 0.5, 82.40569305419922, 11.057661533355713, -2.0, -2.0, 0.5, -2.0, -2.0, 16.948561668395996, 183.17935943603516, -2.0, -2.0, 161.20201873779297, -2.0, -2.0, 23.046141624450684, 17.41615581512451, -2.0, 202.18880462646484, -2.0, -2.0, 175.26680755615234, 49.62248992919922, -2.0, -2.0, 27.400702476501465, -2.0, -2.0, 74.33819961547852, 84.37001419067383, 25.13569927215576, 21.150339126586914, -2.0, -2.0, -2.0, 22.193078994750977, 15.512892723083496, -2.0, -2.0, 121.467529296875, -2.0, -2.0, 79.0230598449707, -2.0, 17.83999538421631, -2.0, 214.68136596679688, -2.0, -2.0, 35.638715744018555, 77.06372451782227, 0.5, 48.89150619506836, 0.5, 0.5, 0.5, -2.0, -2.0, 0.5, -2.0, -2.0, 0.5, 0.5, -2.0, -2.0, 69.70823287963867, -2.0, -2.0, 0.5, 32.84743690490723, 0.5, -2.0, -2.0, 0.5, -2.0, -2.0, 33.3724422454834, 75.90535354614258, -2.0, -2.0, 149.14119720458984, -2.0, -2.0, 0.5, 54.97611045837402, 0.5, 0.5, -2.0, -2.0, 32.99727821350098, -2.0, -2.0, 91.08177757263184, -2.0, 0.5, -2.0, -2.0, 41.64518737792969, -2.0, -2.0, 33.058807373046875, 0.5, 0.5, 0.5, 0.5, -2.0, -2.0, 89.19409561157227, -2.0, -2.0, 0.5, -2.0, -2.0, 0.5, -2.0, -2.0, 0.5, 0.5, 0.5, 159.63372039794922, -2.0, -2.0, 93.69530487060547, -2.0, -2.0, 83.81208038330078, -2.0, -2.0, 33.57770919799805, -2.0, -2.0, 47.6480655670166, 23.064090728759766, -2.0, 0.5, 0.5, 166.4622573852539, 0.5, -2.0, -2.0, 0.5, -2.0, -2.0, 0.5, -2.0, -2.0, 0.5, 0.5, 129.92712020874023, -2.0, -2.0, -2.0, -2.0, 190.32270050048828, 12.689645767211914, 47.21608924865723, 38.47224235534668, -2.0, 0.5, -2.0, -2.0, -2.0, 77.83999633789062, 185.3760223388672, 0.5, -2.0, -2.0, 0.5, -2.0, -2.0, 0.5, 0.5, -2.0, -2.0, -2.0, 69.74310684204102, 0.5, 0.5, 0.5, -2.0, -2.0, -2.0, -2.0, 0.5, 0.5, 219.6227798461914, -2.0, -2.0, -2.0, -2.0], "left": [1, 2, 3, 4, 5, 6, 7, 8, -1, -1, 11, -1, -1, 14, 15, -1, -1, 18, -1, -1, 21, 22, 23, -1, -1, 26, -1, -1, 29, 30, -1, -1, 33, -1, -1, 36, 37, 38, 39, -1, -1, 42, -1, -1, 45, 46, -1, -1, 49, -1, -1, 52, 53, 54, -1, -1, 57, -1, -1, 60, 61, -1, -1, 64, -1, -1, 67, 68, 69, 70, 71, -1, -1, 74, -1, -1, 77, 78, -1, -1, 81, -1, -1, 84, 85, 86, -1, -1, 89, -1, -1, 92, 93, -1, -1, 96, -1, -1, 99, 100, -1, -1, 103, 104, 105, -1, -1, 108, -1, -1, 111, 112, -1, -1, 115, -1, -1, 118, 119, 120, -1, -1, 123, 124, 125, -1, -1, -1, 129, 130, 131, -1, -1, -1, -1, 136, 137, 138, 139, 140, -1, -1, 143, -1, -1, 146, 147, -1, -1, 150, -1, -1, 153, 154, -1, 156, -1, -1, 159, 160, -1, -1, 163, -1, -1, 166, 167, 168, 169, -1, -1, -1, 173, 174, -1, -1, 177, -1, -1, 180, -1, 182, -1, 184, -1, -1, 187, 188, 189, 190, 191, 192, 193, -1, -1, 196, -1, -1, 199, 200, -1, -1, 203, -1, -1, 206, 207, 208, -1, -1, 211, -1, -1, 214, 215, -1, -1, 218, -1, -1, 221, 222, 223, 224, -1, -1, 227, -1, -1, 230, -1, 232, -1, -1, 235, -1, -1, 238, 239, 240, 241, 242, -1, -1, 245, -1, -1, 248, -1, -1, 251, -1, -1, 254, 255, 256, 257, -1, -1, 260, -1, -1, 263, -1, -1, 266, -1, -1, 269, 270, -1, 272, 273, 274, 275, -1, -1, 278, -1, -1, 281, -1, -1, 284, 285, 286, -1, -1, -1, -1, 291, 292, 293, 294, -1, 296, -1, -1, -1, 300, 301, 302, -1, -1, 305, -1, -1, 308, 309, -1, -1, -1, 313, 314, 315, 316, -1, -1, -1, -1, 321, 322, 323, -1, -1, -1, -1], "right": [186, 117, 66, 35, 20, 13, 10, 9, -1, -1, 12, -1, -1, 17, 16, -1, -1, 19, -1, -1, 28, 25, 24, -1, -1, 27, -1, -1, 32, 31, -1, -1, 34, -1, -1, 51, 44, 41, 40, -1, -1, 43, -1, -1, 48, 47, -1, -1, 50, -1, -1, 59, 56, 55, -1, -1, 58, -1, -1, 63, 62, -1, -1, 65, -1, -1, 98, 83, 76, 73, 72, -1, -1, 75, -1, -1, 80, 79, -1, -1, 82, -1, -1, 91, 88, 87, -1, -1, 90, -1, -1, 95, 94, -1, -1, 97, -1, -1, 102, 101, -1, -1, 110, 107, 106, -1, -1, 109, -1, -1, 114, 113, -1, -1, 116, -1, -1, 135, 122, 121, -1, -1, 128, 127, 126, -1, -1, -1, 134, 133, 132, -1, -1, -1, -1, 165, 152, 145, 142, 141, -1, -1, 144, -1, -1, 149, 148, -1, -1, 151, -1, -1, 158, 155, -1, 157, -1, -1, 162, 161, -1, -1, 164, -1, -1, 179, 172, 171, 170, -1, -1, -1, 176, 175, -1, -1, 178, -1, -1, 181, -1, 183, -1, 185, -1, -1, 268, 237, 220, 205, 198, 195, 194, -1, -1, 197, -1, -1, 202, 201, -1, -1, 204, -1, -1, 213, 210, 209, -1, -1, 212, -1, -1, 217, 216, -1, -1, 219, -1, -1, 234, 229, 226, 225, -1, -1, 228, -1, -1, 231, -1, 233, -1, -1, 236, -1, -1, 253, 250, 247, 244, 243, -1, -1, 246, -1, -1, 249, -1, -1, 252, -1, -1, 265, 262, 259, 258, -1, -1, 261, -1, -1, 264, -1, -1, 267, -1, -1, 290, 271, -1, 283, 280, 277, 276, -1, -1, 279, -1, -1, 282, -1, -1, 289, 288, 287, -1, -1, -1, -1, 312, 299, 298, 295, -1, 297, -1, -1, -1, 307, 304, 303, -1, -1, 306, -1, -1, 311, 310, -1, -1, -1, 320, 319, 318, 317, -1, -1, -1, -1, 326, 325, 324, -1, -1, -1, -1], "value": [[0.14703125, 0.269375, 0.34140625, 0.2421875], [0.11193614256543531, 0.24893261555596807, 0.3603118618897345, 0.2788193799888621], [0.11243500866551126, 0.25194974003466203, 0.3685008665511265, 0.2671143847487002], [0.09746682750301568, 0.25162846803377564, 0.3775633293124246, 0.27334137515078405], [0.07872219053051911, 0.2233314318311466, 0.3970336565887051, 0.3009127210496292], [0.1989795918367347, 0.33843537414965985, 0.4030612244897959, 0.05952380952380952], [0.16030534351145037, 0.33969465648854963, 0.43320610687022904, 0.06679389312977099], [0.14347826086956522, 0.3456521739130435, 0.44130434782608696, 0.06956521739130435], [0.16120906801007556, 0.36523929471032746, 0.41309823677581864, 0.060453400503778336], [0.031746031746031744, 0.2222222222222222, 0.6190476190476191, 0.12698412698412698], [0.28125, 0.296875, 0.375, 0.046875], [0.16981132075471697, 0.32075471698113206, 0.4528301886792453, 0.05660377358490566], [0.8181818181818182, 0.18181818181818182, 0.0, 0.0], [0.515625, 0.328125, 0.15625, 0.0], [0.5636363636363636, 0.3090909090909091, 0.12727272727272726, 0.0], [0.8387096774193549, 0.0967741935483871, 0.06451612903225806, 0.0], [0.20833333333333334, 0.5833333333333334, 0.20833333333333334, 0.0], [0.2222222222222222, 0.4444444444444444, 0.3333333333333333, 0.0], [0.0, 1.0, 0.0, 0.0], [0.4, 0.0, 0.6, 0.0], [0.054489376285126796, 0.20013708019191226, 0.3958190541466758, 0.34955448937628514], [0.07368421052631578, 0.3684210526315789, 0.40350877192982454, 0.1543859649122807], [0.06827309236947791, 0.3413654618473896, 0.41365461847389556, 0.17670682730923695], [0.0, 0.2, 0.0, 0.8], [0.06967213114754098, 0.3442622950819672, 0.42213114754098363, 0.16393442622950818], [0.1111111111111111, 0.5555555555555556, 0.3333333333333333, 0.0], [0.13793103448275862, 0.5172413793103449, 0.3448275862068966, 0.0], [0.0, 0.7142857142857143, 0.2857142857142857, 0.0], [0.052411697683251046, 0.18192176224838588, 0.3949867071781238, 0.37067983289023926], [0.039440203562340966, 0.16836301950805768, 0.39906700593723493, 0.3931297709923664], [0.03083952027412907, 0.14106225014277557, 0.37806967447173045, 0.4500285551113649], [0.0642504118616145, 0.2471169686985173, 0.4596375617792422, 0.22899505766062603], [0.16363636363636364, 0.29818181818181816, 0.36, 0.1781818181818182], [0.15315315315315314, 0.3063063063063063, 0.3333333333333333, 0.2072072072072072], [0.20754716981132076, 0.2641509433962264, 0.4716981132075472, 0.05660377358490566], [0.20031298904538342, 0.40688575899843504, 0.27073552425665104, 0.12206572769953052], [0.2281021897810219, 0.40875912408759124, 0.28102189781021897, 0.08211678832116788], [0.1978021978021978, 0.3912087912087912, 0.3208791208791209, 0.09010989010989011], [0.1815856777493606, 0.3989769820971867, 0.3171355498721228, 0.10230179028132992], [0.6538461538461539, 0.28846153846153844, 0.057692307692307696, 0.0], [0.10914454277286136, 0.415929203539823, 0.35693215339233036, 0.11799410029498525], [0.296875, 0.34375, 0.34375, 0.015625], [0.26, 0.3, 0.42, 0.02], [0.42857142857142855, 0.5, 0.07142857142857142, 0.0], [0.3763440860215054, 0.4946236559139785, 0.08602150537634409, 0.043010752688172046], [0.4069767441860465, 0.5232558139534884, 0.06976744186046512, 0.0], [0.3815789473684211, 0.5657894736842105, 0.05263157894736842, 0.0], [0.6, 0.2, 0.2, 0.0], [0.0, 0.14285714285714285, 0.2857142857142857, 0.5714285714285714], [0.0, 0.3333333333333333, 0.3333333333333333, 0.3333333333333333], [0.0, 0.0, 0.25, 0.75], [0.03296703296703297, 0.3956043956043956, 0.2087912087912088, 0.3626373626373626], [0.15, 0.85, 0.0, 0.0], [0.058823529411764705, 0.9411764705882353, 0.0, 0.0], [0.0, 1.0, 0.0, 0.0], [0.25, 0.75, 0.0, 0.0], [0.6666666666666666, 0.3333333333333333, 0.0, 0.0], [1.0, 0.0, 0.0, 0.0], [0.0, 1.0, 0.0, 0.0], [0.0, 0.2676056338028169, 0.2676056338028169, 0.4647887323943662], [0.0, 0.0425531914893617, 0.2978723404255319, 0.6595744680851063], [0.0, 0.029411764705882353, 0.17647058823529413, 0.7941176470588235], [0.0, 0.07692307692307693, 0.6153846153846154, 0.3076923076923077], [0.0, 0.7083333333333334, 0.20833333333333334, 0.08333333333333333], [0.0, 1.0, 0.0, 0.0], [0.0, 0.6111111111111112, 0.2777777777777778, 0.1111111111111111], [0.24416135881104034, 0.25477707006369427, 0.28874734607218683, 0.21231422505307856], [0.27427184466019416, 0.2621359223300971, 0.2936893203883495, 0.16990291262135923], [0.03773584905660377, 0.15723270440251572, 0.4025157232704403, 0.4025157232704403], [0.0, 0.08823529411764706, 0.4485294117647059, 0.4632352941176471], [0.0, 0.06666666666666667, 0.7333333333333333, 0.2], [0.0, 0.1, 0.6, 0.3], [0.0, 0.0, 1.0, 0.0], [0.0, 0.09090909090909091, 0.4132231404958678, 0.49586776859504134], [0.0, 0.044444444444444446, 0.36666666666666664, 0.5888888888888889], [0.0, 0.22580645161290322, 0.5483870967741935, 0.22580645161290322], [0.2608695652173913, 0.5652173913043478, 0.13043478260869565, 0.043478260869565216], [0.0, 0.75, 0.1875, 0.0625], [0.0, 1.0, 0.0, 0.0], [0.0, 0.6, 0.3, 0.1], [0.8571428571428571, 0.14285714285714285, 0.0, 0.0], [1.0, 0.0, 0.0, 0.0], [0.6666666666666666, 0.3333333333333333, 0.0, 0.0], [0.42292490118577075, 0.32806324110671936, 0.22529644268774704, 0.023715415019762844], [0.2653061224489796, 0.32653061224489793, 0.3673469387755102, 0.04081632653061224], [0.21551724137931033, 0.35344827586206895, 0.3793103448275862, 0.05172413793103448], [0.21839080459770116, 0.3333333333333333, 0.3793103448275862, 0.06896551724137931], [0.20689655172413793, 0.41379310344827586, 0.3793103448275862, 0.0], [0.45161290322580644, 0.22580645161290322, 0.3225806451612903, 0.0], [0.34615384615384615, 0.2692307692307692, 0.38461538461538464, 0.0], [1.0, 0.0, 0.0, 0.0], [0.6415094339622641, 0.330188679245283, 0.02830188679245283, 0.0], [0.4666666666666667, 0.5, 0.03333333333333333, 0.0], [0.5185185185185185, 0.4444444444444444, 0.037037037037037035, 0.0], [0.0, 1.0, 0.0, 0.0], [0.7105263157894737, 0.2631578947368421, 0.02631578947368421, 0.0], [0.6956521739130435, 0.2898550724637681, 0.014492753623188406, 0.0], [0.8571428571428571, 0.0, 0.14285714285714285, 0.0], [0.03389830508474576, 0.2033898305084746, 0.2542372881355932, 0.5084745762711864], [0.25, 0.75, 0.0, 0.0], [1.0, 0.0, 0.0, 0.0], [0.0, 1.0, 0.0, 0.0], [0.01818181818181818, 0.16363636363636364, 0.2727272727272727, 0.5454545454545454], [0.0, 0.045454545454545456, 0.3181818181818182, 0.6363636363636364], [0.0, 0.0, 0.3170731707317073, 0.6829268292682927], [0.0, 0.0, 0.1, 0.9], [0.0, 0.0, 0.9090909090909091, 0.09090909090909091], [0.0, 0.6666666666666666, 0.3333333333333333, 0.0], [0.0, 1.0, 0.0, 0.0], [0.0, 0.0, 1.0, 0.0], [0.09090909090909091, 0.6363636363636364, 0.09090909090909091, 0.18181818181818182], [0.0, 0.25, 0.25, 0.5], [0.0, 0.5, 0.5, 0.0], [0.0, 0.0, 0.0, 1.0], [0.14285714285714285, 0.8571428571428571, 0.0, 0.0], [0.3333333333333333, 0.6666666666666666, 0.0, 0.0], [0.0, 1.0, 0.0, 0.0], [0.10894941634241245, 0.23086900129701687, 0.311284046692607, 0.34889753566796367], [0.07142857142857142, 0.6785714285714286, 0.07142857142857142, 0.17857142857142858], [0.16666666666666666, 0.8333333333333334, 0.0, 0.0], [1.0, 0.0, 0.0, 0.0], [0.0, 1.0, 0.0, 0.0], [0.0, 0.5625, 0.125, 0.3125], [0.0, 0.14285714285714285, 0.14285714285714285, 0.7142857142857143], [0.0, 0.0, 0.16666666666666666, 0.8333333333333334], [0.0, 0.0, 1.0, 0.0], [0.0, 0.0, 0.0, 1.0], [0.0, 1.0, 0.0, 0.0], [0.0, 0.8888888888888888, 0.1111111111111111, 0.0], [0.0, 0.8, 0.2, 0.0], [0.0, 0.5, 0.5, 0.0], [0.0, 1.0, 0.0, 0.0], [0.0, 0.0, 1.0, 0.0], [0.0, 1.0, 0.0, 0.0], [0.0, 1.0, 0.0, 0.0], [0.11036339165545088, 0.21399730820995963, 0.3203230148048452, 0.3553162853297443], [0.09531013615733737, 0.1951588502269289, 0.31164901664145234, 0.3978819969742814], [0.0946843853820598, 0.1777408637873754, 0.29900332225913623, 0.42857142857142855], [0.10318949343339587, 0.1951219512195122, 0.3170731707317073, 0.38461538461538464], [0.09071729957805907, 0.16244725738396623, 0.33122362869198313, 0.41561181434599154], [0.4375, 0.25, 0.25, 0.0625], [0.07860262008733625, 0.15938864628820962, 0.33406113537117904, 0.4279475982532751], [0.2033898305084746, 0.4576271186440678, 0.2033898305084746, 0.13559322033898305], [0.1509433962264151, 0.5094339622641509, 0.18867924528301888, 0.1509433962264151], [0.6666666666666666, 0.0, 0.3333333333333333, 0.0], [0.028985507246376812, 0.043478260869565216, 0.15942028985507245, 0.7681159420289855], [0.2, 0.3, 0.4, 0.1], [0.0, 0.0, 0.75, 0.25], [0.3333333333333333, 0.5, 0.16666666666666666, 0.0], [0.0, 0.0, 0.11864406779661017, 0.8813559322033898], [0.0, 0.0, 0.0, 1.0], [0.0, 0.0, 0.5384615384615384, 0.46153846153846156], [0.1016949152542373, 0.3728813559322034, 0.4406779661016949, 0.0847457627118644], [0.20689655172413793, 0.6551724137931034, 0.13793103448275862, 0.0], [0.0, 1.0, 0.0, 0.0], [0.3333333333333333, 0.4444444444444444, 0.2222222222222222, 0.0], [0.0, 0.6363636363636364, 0.36363636363636365, 0.0], [0.8571428571428571, 0.14285714285714285, 0.0, 0.0], [0.0, 0.1, 0.7333333333333333, 0.16666666666666666], [0.0, 0.0, 0.782608695652174, 0.21739130434782608], [0.0, 0.0, 0.0, 1.0], [0.0, 0.0, 1.0, 0.0], [0.0, 0.42857142857142855, 0.5714285714285714, 0.0], [0.0, 1.0, 0.0, 0.0], [0.0, 0.0, 1.0, 0.0], [0.23170731707317074, 0.36585365853658536, 0.3902439024390244, 0.012195121951219513], [0.22388059701492538, 0.44776119402985076, 0.3283582089552239, 0.0], [0.41379310344827586, 0.5862068965517241, 0.0, 0.0], [0.75, 0.25, 0.0, 0.0], [0.42857142857142855, 0.5714285714285714, 0.0, 0.0], [1.0, 0.0, 0.0, 0.0], [0.0, 1.0, 0.0, 0.0], [0.07894736842105263, 0.34210526315789475, 0.5789473684210527, 0.0], [0.1875, 0.75, 0.0625, 0.0], [1.0, 0.0, 0.0, 0.0], [0.07142857142857142, 0.8571428571428571, 0.07142857142857142, 0.0], [0.0, 0.045454545454545456, 0.9545454545454546, 0.0], [0.0, 0.25, 0.75, 0.0], [0.0, 0.0, 1.0, 0.0], [0.26666666666666666, 0.0, 0.6666666666666666, 0.06666666666666667], [0.0, 0.0, 1.0, 0.0], [0.5, 0.0, 0.375, 0.125], [1.0, 0.0, 0.0, 0.0], [0.0, 0.0, 0.75, 0.25], [0.0, 0.0, 0.0, 1.0], [0.0, 0.0, 1.0, 0.0], [0.3336623889437315, 0.3780848963474827, 0.24086870681145114, 0.04738400789733465], [0.24773960216998192, 0.3743218806509946, 0.3074141048824593, 0.0705244122965642], [0.23126338329764454, 0.34475374732334046, 0.3533190578158458, 0.07066381156316917], [0.24819277108433735, 0.3542168674698795, 0.327710843373494, 0.06987951807228916], [0.3333333333333333, 0.4012345679012346, 0.2345679012345679, 0.030864197530864196], [0.35570469798657717, 0.4228187919463087, 0.20134228187919462, 0.020134228187919462], [0.3111111111111111, 0.4444444444444444, 0.2222222222222222, 0.022222222222222223], [0.3333333333333333, 0.4298245614035088, 0.21052631578947367, 0.02631578947368421], [0.19047619047619047, 0.5238095238095238, 0.2857142857142857, 0.0], [0.7857142857142857, 0.21428571428571427, 0.0, 0.0], [0.8181818181818182, 0.18181818181818182, 0.0, 0.0], [0.6666666666666666, 0.3333333333333333, 0.0, 0.0], [0.07692307692307693, 0.15384615384615385, 0.6153846153846154, 0.15384615384615385], [0.1, 0.0, 0.7, 0.2], [0.25, 0.0, 0.5, 0.25], [0.0, 0.0, 0.8333333333333334, 0.16666666666666666], [0.0, 0.6666666666666666, 0.3333333333333333, 0.0], [0.0, 1.0, 0.0, 0.0], [0.0, 0.5, 0.5, 0.0], [0.19367588932806323, 0.3241106719367589, 0.38735177865612647, 0.09486166007905138], [0.1590909090909091, 0.3090909090909091, 0.4318181818181818, 0.1], [0.25, 0.5227272727272727, 0.13636363636363635, 0.09090909090909091], [0.2894736842105263, 0.47368421052631576, 0.13157894736842105, 0.10526315789473684], [0.0, 0.8333333333333334, 0.16666666666666666, 0.0], [0.13636363636363635, 0.2556818181818182, 0.5056818181818182, 0.10227272727272728], [0.14084507042253522, 0.2676056338028169, 0.4788732394366197, 0.11267605633802817], [0.11764705882352941, 0.20588235294117646, 0.6176470588235294, 0.058823529411764705], [0.42424242424242425, 0.42424242424242425, 0.09090909090909091, 0.06060606060606061], [0.0, 0.8888888888888888, 0.1111111111111111, 0.0], [0.0, 0.0, 1.0, 0.0], [0.0, 1.0, 0.0, 0.0], [0.5833333333333334, 0.25, 0.08333333333333333, 0.08333333333333333], [0.18181818181818182, 0.5454545454545454, 0.18181818181818182, 0.09090909090909091], [0.9230769230769231, 0.0, 0.0, 0.07692307692307693], [0.09615384615384616, 0.2692307692307692, 0.5576923076923077, 0.07692307692307693], [0.08333333333333333, 0.3888888888888889, 0.4166666666666667, 0.1111111111111111], [0.23076923076923078, 0.6923076923076923, 0.07692307692307693, 0.0], [0.16666666666666666, 0.6666666666666666, 0.16666666666666666, 0.0], [0.2, 0.8, 0.0, 0.0], [0.0, 0.0, 1.0, 0.0], [0.2857142857142857, 0.7142857142857143, 0.0, 0.0], [0.0, 1.0, 0.0, 0.0], [0.4, 0.6, 0.0, 0.0], [0.0, 0.21739130434782608, 0.6086956521739131, 0.17391304347826086], [0.0, 1.0, 0.0, 0.0], [0.0, 0.0, 0.7777777777777778, 0.2222222222222222], [0.0, 0.0, 0.6666666666666666, 0.3333333333333333], [0.0, 0.0, 1.0, 0.0], [0.125, 0.0, 0.875, 0.0], [1.0, 0.0, 0.0, 0.0], [0.0, 0.0, 1.0, 0.0], [0.3372093023255814, 0.5348837209302325, 0.05813953488372093, 0.06976744186046512], [0.5833333333333334, 0.20833333333333334, 0.125, 0.08333333333333333], [0.6363636363636364, 0.22727272727272727, 0.09090909090909091, 0.045454545454545456], [0.7368421052631579, 0.15789473684210525, 0.05263157894736842, 0.05263157894736842], [0.8235294117647058, 0.17647058823529413, 0.0, 0.0], [0.8, 0.2, 0.0, 0.0], [1.0, 0.0, 0.0, 0.0], [0.0, 0.0, 0.5, 0.5], [0.0, 0.0, 0.0, 1.0], [0.0, 0.0, 1.0, 0.0], [0.0, 0.6666666666666666, 0.3333333333333333, 0.0], [0.0, 0.0, 1.0, 0.0], [0.0, 1.0, 0.0, 0.0], [0.0, 0.0, 0.5, 0.5], [0.0, 0.0, 1.0, 0.0], [0.0, 0.0, 0.0, 1.0], [0.24193548387096775, 0.6612903225806451, 0.03225806451612903, 0.06451612903225806], [0.19642857142857142, 0.6964285714285714, 0.03571428571428571, 0.07142857142857142], [0.12, 0.76, 0.04, 0.08], [0.1111111111111111, 0.8444444444444444, 0.044444444444444446, 0.0], [0.04878048780487805, 0.926829268292683, 0.024390243902439025, 0.0], [0.75, 0.0, 0.25, 0.0], [0.2, 0.0, 0.0, 0.8], [0.0, 0.0, 0.0, 1.0], [1.0, 0.0, 0.0, 0.0], [0.8333333333333334, 0.16666666666666666, 0.0, 0.0], [0.0, 1.0, 0.0, 0.0], [1.0, 0.0, 0.0, 0.0], [0.6666666666666666, 0.3333333333333333, 0.0, 0.0], [0.0, 1.0, 0.0, 0.0], [1.0, 0.0, 0.0, 0.0], [0.4369565217391304, 0.3826086956521739, 0.1608695652173913, 0.01956521739130435], [0.6274509803921569, 0.3137254901960784, 0.058823529411764705, 0.0], [1.0, 0.0, 0.0, 0.0], [0.5869565217391305, 0.34782608695652173, 0.06521739130434782, 0.0], [0.6533333333333333, 0.29333333333333333, 0.05333333333333334, 0.0], [0.609375, 0.34375, 0.046875, 0.0], [0.46511627906976744, 0.46511627906976744, 0.06976744186046512, 0.0], [0.46153846153846156, 0.48717948717948717, 0.05128205128205128, 0.0], [0.5, 0.25, 0.25, 0.0], [0.9047619047619048, 0.09523809523809523, 0.0, 0.0], [0.9473684210526315, 0.05263157894736842, 0.0, 0.0], [0.5, 0.5, 0.0, 0.0], [0.9090909090909091, 0.0, 0.09090909090909091, 0.0], [1.0, 0.0, 0.0, 0.0], [0.0, 0.0, 1.0, 0.0], [0.29411764705882354, 0.5882352941176471, 0.11764705882352941, 0.0], [0.35714285714285715, 0.5, 0.14285714285714285, 0.0], [0.18181818181818182, 0.6363636363636364, 0.18181818181818182, 0.0], [0.5, 0.0, 0.5, 0.0], [0.0, 1.0, 0.0, 0.0], [1.0, 0.0, 0.0, 0.0], [0.0, 1.0, 0.0, 0.0], [0.38268156424581007, 0.4022346368715084, 0.18994413407821228, 0.025139664804469275], [0.31561461794019935, 0.43521594684385384, 0.21926910299003322, 0.029900332225913623], [0.8333333333333334, 0.16666666666666666, 0.0, 0.0], [0.8823529411764706, 0.11764705882352941, 0.0, 0.0], [1.0, 0.0, 0.0, 0.0], [0.7142857142857143, 0.2857142857142857, 0.0, 0.0], [0.8333333333333334, 0.16666666666666666, 0.0, 0.0], [0.0, 1.0, 0.0, 0.0], [0.0, 1.0, 0.0, 0.0], [0.2826855123674912, 0.45229681978798586, 0.2332155477031802, 0.03180212014134275], [0.21266968325791855, 0.46153846153846156, 0.2895927601809955, 0.03619909502262444], [0.21495327102803738, 0.4766355140186916, 0.27102803738317754, 0.037383177570093455], [0.2328042328042328, 0.5026455026455027, 0.24338624338624337, 0.021164021164021163], [0.08, 0.28, 0.48, 0.16], [0.14285714285714285, 0.0, 0.8571428571428571, 0.0], [1.0, 0.0, 0.0, 0.0], [0.0, 0.0, 1.0, 0.0], [0.532258064516129, 0.41935483870967744, 0.03225806451612903, 0.016129032258064516], [0.48214285714285715, 0.4642857142857143, 0.03571428571428571, 0.017857142857142856], [0.5098039215686274, 0.43137254901960786, 0.0392156862745098, 0.0196078431372549], [0.2, 0.8, 0.0, 0.0], [1.0, 0.0, 0.0, 0.0], [0.7368421052631579, 0.22807017543859648, 0.03508771929824561, 0.0], [0.5714285714285714, 0.39285714285714285, 0.03571428571428571, 0.0], [0.64, 0.32, 0.04, 0.0], [0.55, 0.4, 0.05, 0.0], [0.5, 0.5, 0.0, 0.0], [0.625, 0.25, 0.125, 0.0], [1.0, 0.0, 0.0, 0.0], [0.0, 1.0, 0.0, 0.0], [0.896551724137931, 0.06896551724137931, 0.034482758620689655, 0.0], [0.9285714285714286, 0.07142857142857142, 0.0, 0.0], [0.9629629629629629, 0.037037037037037035, 0.0, 0.0], [1.0, 0.0, 0.0, 0.0], [0.9, 0.1, 0.0, 0.0], [0.0, 1.0, 0.0, 0.0], [0.0, 0.0, 1.0, 0.0]]}, {"feature": [17, 10, 6, 7, 18, 0, 11, 19, -2, -2, 9, -2, -2, 1, 13, -2, -2, 13, -2, -2, 5, 2, 2, -2, -2, 3, -2, -2, 1, 0, -2, -2, 0, -2, -2, 0, 1, 15, 0, -2, -2, -2, 1, 19, -2, -2, 19, -2, -2, 0, 1, 2, -2, -2, 19, -2, -2, 2, 0, -2, -2, -2, 15, 1, 0, 11, 16, -2, -2, 2, -2, -2, 0, 2, -2, -2, 2, -2, -2, 2, -2, 12, 13, -2, -2, 1, -2, -2, 1, 2, 0, 1, -2, -2, -2, 1, 0, -2, -2, 2, -2, -2, 2, -2, -2, 9, 5, 6, 0, 4, 2, -2, -2, 0, -2, -2, 1, 8, -2, -2, 7, -2, -2, 1, 0, 1, -2, -2, 2, -2, -2, 2, 0, -2, -2, 0, -2, -2, 0, 1, -2, 2, 0, -2, -2, -2, 0, 1, 1, -2, -2, 1, -2, -2, 2, -2, 2, -2, -2, 1, 1, 1, 0, -2, 0, -2, -2, 0, 0, -2, -2, 0, -2, -2, 0, 0, 0, -2, -2, 0, -2, -2, -2, 1, 2, 1, 0, -2, -2, -2, 2, -2, 1, -2, -2, 1, 2, 0, -2, -2, 0, -2, -2, -2, 5, 1, 0, 7, 2, 9, 6, -2, -2, 2, -2, -2, 9, 4, -2, -2, 1, -2, -2, 2, -2, -2, 3, 7, 8, 2, -2, -2, 2, -2, -2, 1, 1, -2, -2, 1, -2, -2, 1, 0, -2, -2, 2, -2, 1, -2, -2, 0, 0, 8, 9, -2, -2, -2, 9, 7, 6, -2, -2, 2, -2, -2, 1, 1, -2, -2, 0, -2, -2, 7, 0, 6, 0, -2, -2, 1, -2, -2, -2, 2, 0, -2, -2, 1, -2, -2, 0, 1, -2, 2, 1, -2, 2, -2, -2, 1, -2, -2, 1, 1, 0, 0, -2, 1, -2, -2, -2, 2, -2, 2, 0, -2, -2, -2, 1, 1, 1, 1, -2, -2, -2, -2, -2], "threshold": [0.5, 0.5, 0.5, 0.5, 0.5, 17.42359161376953, 0.5, 0.5, -2.0, -2.0, 0.5, -2.0, -2.0, 169.9961929321289, 0.5, -2.0, -2.0, 0.5, -2.0, -2.0, 0.5, 91.19380569458008, 37.96698570251465, -2.0, -2.0, 0.5, -2.0, -2.0, 164.4923095703125, 32.23371982574463, -2.0, -2.0, 14.63571548461914, -2.0, -2.0, 17.825485229492188, 35.509568214416504, 0.5, 14.642322540283203, -2.0, -2.0, -2.0, 94.45845031738281, 0.5, -2.0, -2.0, 0.5, -2.0, -2.0, 31.94827175140381, 185.22420501708984, 42.42889213562012, -2.0, -2.0, 0.5, -2.0, -2.0, 92.86431121826172, 32.31142616271973, -2.0, -2.0, -2.0, 0.5, 179.47351837158203, 32.0214319229126, 0.5, 0.5, -2.0, -2.0, 69.14200592041016, -2.0, -2.0, 33.7255802154541, 79.36445617675781, -2.0, -2.0, 36.604623794555664, -2.0, -2.0, 24.919041633605957, -2.0, 0.5, 0.5, -2.0, -2.0, 231.7471694946289, -2.0, -2.0, 219.83979034423828, 52.19474792480469, 33.59638023376465, 195.1259765625, -2.0, -2.0, -2.0, 86.85626220703125, 32.313612937927246, -2.0, -2.0, 79.86714935302734, -2.0, -2.0, 61.5053653717041, -2.0, -2.0, 0.5, 0.5, 0.5, 21.62436294555664, 0.5, 69.76445007324219, -2.0, -2.0, 17.80851459503174, -2.0, -2.0, 155.7083740234375, 0.5, -2.0, -2.0, 0.5, -2.0, -2.0, 155.75836181640625, 24.62619400024414, 75.50985336303711, -2.0, -2.0, 57.92500686645508, -2.0, -2.0, 76.07599258422852, 26.411108016967773, -2.0, -2.0, 18.469701290130615, -2.0, -2.0, 22.89624786376953, 131.9372100830078, -2.0, 92.55043411254883, 10.270222663879395, -2.0, -2.0, -2.0, 36.59592247009277, 118.4083480834961, 13.463213920593262, -2.0, -2.0, 270.7773666381836, -2.0, -2.0, 72.08512496948242, -2.0, 76.48515319824219, -2.0, -2.0, 129.7098617553711, 65.1761360168457, 14.580923557281494, 18.501593589782715, -2.0, 25.857583045959473, -2.0, -2.0, 21.910181999206543, 15.798827171325684, -2.0, -2.0, 31.32506561279297, -2.0, -2.0, 34.26943016052246, 19.95705795288086, 17.92595100402832, -2.0, -2.0, 24.922276496887207, -2.0, -2.0, -2.0, 156.1745834350586, 48.5484504699707, 149.50659942626953, 20.80268383026123, -2.0, -2.0, -2.0, 80.03255462646484, -2.0, 146.96255493164062, -2.0, -2.0, 262.7482452392578, 67.72613906860352, 24.449570655822754, -2.0, -2.0, 19.75037384033203, -2.0, -2.0, -2.0, 0.5, 120.23009872436523, 25.344985961914062, 0.5, 63.20889472961426, 0.5, 0.5, -2.0, -2.0, 58.3926944732666, -2.0, -2.0, 0.5, 0.5, -2.0, -2.0, 70.2267074584961, -2.0, -2.0, 88.22671127319336, -2.0, -2.0, 0.5, 0.5, 0.5, 74.57190322875977, -2.0, -2.0, 74.87012100219727, -2.0, -2.0, 107.83826065063477, 9.90313720703125, -2.0, -2.0, 111.5445442199707, -2.0, -2.0, 60.82357406616211, 35.18342590332031, -2.0, -2.0, 75.8300552368164, -2.0, 107.55963134765625, -2.0, -2.0, 23.925899505615234, 11.390801906585693, 0.5, 0.5, -2.0, -2.0, -2.0, 0.5, 0.5, 0.5, -2.0, -2.0, 50.78998565673828, -2.0, -2.0, 214.73275756835938, 152.26947021484375, -2.0, -2.0, 18.54372501373291, -2.0, -2.0, 0.5, 29.22631072998047, 0.5, 24.293429374694824, -2.0, -2.0, 167.8288803100586, -2.0, -2.0, -2.0, 78.43545913696289, 25.099258422851562, -2.0, -2.0, 136.07907104492188, -2.0, -2.0, 22.8749361038208, 107.66080474853516, -2.0, 67.81573486328125, 162.4799575805664, -2.0, 47.1950626373291, -2.0, -2.0, 159.73016357421875, -2.0, -2.0, 152.53795623779297, 53.15700721740723, 32.82937526702881, 24.843809127807617, -2.0, 10.135223388671875, -2.0, -2.0, -2.0, 36.98646354675293, -2.0, 88.33526611328125, 34.784149169921875, -2.0, -2.0, -2.0, 234.60347747802734, 190.88975524902344, 175.9124526977539, 161.8443603515625, -2.0, -2.0, -2.0, -2.0, -2.0], "left": [1, 2, 3, 4, 5, 6, 7, 8, -1, -1, 11, -1, -1, 14, 15, -1, -1, 18, -1, -1, 21, 22, 23, -1, -1, 26, -1, -1, 29, 30, -1, -1, 33, -1, -1, 36, 37, 38, 39, -1, -1, -1, 43, 44, -1, -1, 47, -1, -1, 50, 51, 52, -1, -1, 55, -1, -1, 58, 59, -1, -1, -1, 63, 64, 65, 66, 67, -1, -1, 70, -1, -1, 73, 74, -1, -1, 77, -1, -1, 80, -1, 82, 83, -1, -1, 86, -1, -1, 89, 90, 91, 92, -1, -1, -1, 96, 97, -1, -1, 100, -1, -1, 103, -1, -1, 106, 107, 108, 109, 110, 111, -1, -1, 114, -1, -1, 117, 118, -1, -1, 121, -1, -1, 124, 125, 126, -1, -1, 129, -1, -1, 132, 133, -1, -1, 136, -1, -1, 139, 140, -1, 142, 143, -1, -1, -1, 147, 148, 149, -1, -1, 152, -1, -1, 155, -1, 157, -1, -1, 160, 161, 162, 163, -1, 165, -1, -1, 168, 169, -1, -1, 172, -1, -1, 175, 176, 177, -1, -1, 180, -1, -1, -1, 184, 185, 186, 187, -1, -1, -1, 191, -1, 193, -1, -1, 196, 197, 198, -1, -1, 201, -1, -1, -1, 205, 206, 207, 208, 209, 210, 211, -1, -1, 214, -1, -1, 217, 218, -1, -1, 221, -1, -1, 224, -1, -1, 227, 228, 229, 230, -1, -1, 233, -1, -1, 236, 237, -1, -1, 240, -1, -1, 243, 244, -1, -1, 247, -1, 249, -1, -1, 252, 253, 254, 255, -1, -1, -1, 259, 260, 261, -1, -1, 264, -1, -1, 267, 268, -1, -1, 271, -1, -1, 274, 275, 276, 277, -1, -1, 280, -1, -1, -1, 284, 285, -1, -1, 288, -1, -1, 291, 292, -1, 294, 295, -1, 297, -1, -1, 300, -1, -1, 303, 304, 305, 306, -1, 308, -1, -1, -1, 312, -1, 314, 315, -1, -1, -1, 319, 320, 321, 322, -1, -1, -1, -1, -1], "right": [204, 105, 62, 35, 20, 13, 10, 9, -1, -1, 12, -1, -1, 17, 16, -1, -1, 19, -1, -1, 28, 25, 24, -1, -1, 27, -1, -1, 32, 31, -1, -1, 34, -1, -1, 49, 42, 41, 40, -1, -1, -1, 46, 45, -1, -1, 48, -1, -1, 57, 54, 53, -1, -1, 56, -1, -1, 61, 60, -1, -1, -1, 88, 79, 72, 69, 68, -1, -1, 71, -1, -1, 76, 75, -1, -1, 78, -1, -1, 81, -1, 85, 84, -1, -1, 87, -1, -1, 102, 95, 94, 93, -1, -1, -1, 99, 98, -1, -1, 101, -1, -1, 104, -1, -1, 159, 138, 123, 116, 113, 112, -1, -1, 115, -1, -1, 120, 119, -1, -1, 122, -1, -1, 131, 128, 127, -1, -1, 130, -1, -1, 135, 134, -1, -1, 137, -1, -1, 146, 141, -1, 145, 144, -1, -1, -1, 154, 151, 150, -1, -1, 153, -1, -1, 156, -1, 158, -1, -1, 183, 174, 167, 164, -1, 166, -1, -1, 171, 170, -1, -1, 173, -1, -1, 182, 179, 178, -1, -1, 181, -1, -1, -1, 195, 190, 189, 188, -1, -1, -1, 192, -1, 194, -1, -1, 203, 200, 199, -1, -1, 202, -1, -1, -1, 290, 251, 226, 223, 216, 213, 212, -1, -1, 215, -1, -1, 220, 219, -1, -1, 222, -1, -1, 225, -1, -1, 242, 235, 232, 231, -1, -1, 234, -1, -1, 239, 238, -1, -1, 241, -1, -1, 246, 245, -1, -1, 248, -1, 250, -1, -1, 273, 258, 257, 256, -1, -1, -1, 266, 263, 262, -1, -1, 265, -1, -1, 270, 269, -1, -1, 272, -1, -1, 283, 282, 279, 278, -1, -1, 281, -1, -1, -1, 287, 286, -1, -1, 289, -1, -1, 302, 293, -1, 299, 296, -1, 298, -1, -1, 301, -1, -1, 318, 311, 310, 307, -1, 309, -1, -1, -1, 313, -1, 317, 316, -1, -1, -1, 326, 325, 324, 323, -1, -1, -1, -1, -1], "value": [[0.14828125, 0.27640625, 0.33578125, 0.23953125], [0.13341429562803608, 0.2765440666204025, 0.3417765440666204, 0.248265093684941], [0.12241715399610137, 0.2699805068226121, 0.34912280701754383, 0.2584795321637427], [0.12717809459153653, 0.2751753790450328, 0.35505770536320436, 0.2425888210002263], [0.12659257251287612, 0.2667389536459745, 0.35131471943616155, 0.2553537544049878], [0.12236679058240396, 0.27447335811648077, 0.3466542750929368, 0.25650557620817843], [0.26948775055679286, 0.4521158129175947, 0.22494432071269488, 0.053452115812917596], [0.291044776119403, 0.4577114427860697, 0.22139303482587064, 0.029850746268656716], [0.33620689655172414, 0.4482758620689655, 0.1925287356321839, 0.022988505747126436], [0.0, 0.5185185185185185, 0.4074074074074074, 0.07407407407407407], [0.0851063829787234, 0.40425531914893614, 0.2553191489361702, 0.2553191489361702], [0.03225806451612903, 0.45161290322580644, 0.25806451612903225, 0.25806451612903225], [0.1875, 0.3125, 0.25, 0.25], [0.09859661748830514, 0.24577186038143217, 0.3663188197193235, 0.2893127024109392], [0.06235565819861432, 0.21755196304849886, 0.39122401847575056, 0.3288683602771363], [0.060279870828848225, 0.22874058127018299, 0.39558665231431644, 0.3153928955866523], [0.0749185667752443, 0.1498371335504886, 0.36482084690553745, 0.41042345276872966], [0.2263843648208469, 0.34527687296416937, 0.2785016286644951, 0.1498371335504886], [0.24436090225563908, 0.33646616541353386, 0.2518796992481203, 0.16729323308270677], [0.10975609756097561, 0.4024390243902439, 0.45121951219512196, 0.036585365853658534], [0.1561822125813449, 0.21258134490238612, 0.3839479392624729, 0.2472885032537961], [0.18449197860962566, 0.24064171122994651, 0.3877005347593583, 0.18716577540106952], [0.15384615384615385, 0.23931623931623933, 0.4074074074074074, 0.19943019943019943], [0.5185185185185185, 0.4074074074074074, 0.07407407407407407, 0.0], [0.12345679012345678, 0.22530864197530864, 0.4351851851851852, 0.21604938271604937], [0.6521739130434783, 0.2608695652173913, 0.08695652173913043, 0.0], [0.6, 0.26666666666666666, 0.13333333333333333, 0.0], [0.75, 0.25, 0.0, 0.0], [0.034482758620689655, 0.09195402298850575, 0.367816091954023, 0.5057471264367817], [0.0, 0.017857142857142856, 0.25, 0.7321428571428571], [0.0, 0.0, 0.16666666666666666, 0.8333333333333334], [0.0, 0.125, 0.75, 0.125], [0.0967741935483871, 0.22580645161290322, 0.5806451612903226, 0.0967741935483871], [0.0, 1.0, 0.0, 0.0], [0.11538461538461539, 0.07692307692307693, 0.6923076923076923, 0.11538461538461539], [0.13013698630136986, 0.3178082191780822, 0.37397260273972605, 0.1780821917808219], [0.2608695652173913, 0.5043478260869565, 0.19130434782608696, 0.043478260869565216], [0.6666666666666666, 0.16666666666666666, 0.16666666666666666, 0.0], [0.8, 0.0, 0.2, 0.0], [0.3333333333333333, 0.0, 0.6666666666666666, 0.0], [1.0, 0.0, 0.0, 0.0], [0.0, 1.0, 0.0, 0.0], [0.21359223300970873, 0.5436893203883495, 0.1941747572815534, 0.04854368932038835], [0.0, 0.7894736842105263, 0.05263157894736842, 0.15789473684210525], [0.0, 0.875, 0.0625, 0.0625], [0.0, 0.3333333333333333, 0.0, 0.6666666666666666], [0.2619047619047619, 0.4880952380952381, 0.2261904761904762, 0.023809523809523808], [0.24324324324324326, 0.4864864864864865, 0.24324324324324326, 0.02702702702702703], [0.4, 0.5, 0.1, 0.0], [0.10569105691056911, 0.28292682926829266, 0.408130081300813, 0.2032520325203252], [0.07459677419354839, 0.24798387096774194, 0.4435483870967742, 0.23387096774193547], [0.07407407407407407, 0.16296296296296298, 0.4888888888888889, 0.2740740740740741], [0.2602739726027397, 0.2465753424657534, 0.3835616438356164, 0.1095890410958904], [0.03313253012048193, 0.14457831325301204, 0.5120481927710844, 0.3102409638554217], [0.07692307692307693, 0.6263736263736264, 0.24175824175824176, 0.054945054945054944], [0.0684931506849315, 0.589041095890411, 0.273972602739726, 0.0684931506849315], [0.1111111111111111, 0.7777777777777778, 0.1111111111111111, 0.0], [0.23529411764705882, 0.42857142857142855, 0.2605042016806723, 0.07563025210084033], [0.20175438596491227, 0.4473684210526316, 0.2719298245614035, 0.07894736842105263], [0.0, 1.0, 0.0, 0.0], [0.21495327102803738, 0.411214953271028, 0.2897196261682243, 0.08411214953271028], [1.0, 0.0, 0.0, 0.0], [0.09282700421940929, 0.23769338959212377, 0.31223628691983124, 0.35724331926863573], [0.08780487804878048, 0.21788617886178863, 0.3089430894308943, 0.3853658536585366], [0.06862745098039216, 0.16862745098039217, 0.30980392156862746, 0.45294117647058824], [0.06912442396313365, 0.14055299539170507, 0.2764976958525346, 0.5138248847926268], [0.0821917808219178, 0.1643835616438356, 0.2876712328767123, 0.4657534246575342], [0.0914826498422713, 0.138801261829653, 0.27129337539432175, 0.49842271293375395], [0.020833333333333332, 0.3333333333333333, 0.3958333333333333, 0.25], [0.0, 0.014492753623188406, 0.21739130434782608, 0.7681159420289855], [0.0, 0.0, 0.09259259259259259, 0.9074074074074074], [0.0, 0.06666666666666667, 0.6666666666666666, 0.26666666666666666], [0.06578947368421052, 0.32894736842105265, 0.5, 0.10526315789473684], [0.15, 0.45, 0.25, 0.15], [0.25, 0.16666666666666666, 0.3333333333333333, 0.25], [0.0, 0.875, 0.125, 0.0], [0.03571428571428571, 0.2857142857142857, 0.5892857142857143, 0.08928571428571429], [0.0, 1.0, 0.0, 0.0], [0.03773584905660377, 0.24528301886792453, 0.6226415094339622, 0.09433962264150944], [0.18095238095238095, 0.45714285714285713, 0.3047619047619048, 0.05714285714285714], [0.0, 1.0, 0.0, 0.0], [0.1958762886597938, 0.41237113402061853, 0.32989690721649484, 0.061855670103092786], [0.18181818181818182, 0.3977272727272727, 0.3522727272727273, 0.06818181818181818], [0.23529411764705882, 0.4411764705882353, 0.27941176470588236, 0.04411764705882353], [0.0, 0.25, 0.6, 0.15], [0.3333333333333333, 0.5555555555555556, 0.1111111111111111, 0.0], [0.0, 0.8333333333333334, 0.16666666666666666, 0.0], [1.0, 0.0, 0.0, 0.0], [0.125, 0.3645833333333333, 0.3333333333333333, 0.17708333333333334], [0.12790697674418605, 0.3023255813953488, 0.37209302325581395, 0.19767441860465115], [0.2413793103448276, 0.5517241379310345, 0.13793103448275862, 0.06896551724137931], [0.12, 0.64, 0.16, 0.08], [0.0, 0.7272727272727273, 0.18181818181818182, 0.09090909090909091], [1.0, 0.0, 0.0, 0.0], [1.0, 0.0, 0.0, 0.0], [0.07017543859649122, 0.17543859649122806, 0.49122807017543857, 0.2631578947368421], [0.1, 0.1, 0.8, 0.0], [0.0, 0.058823529411764705, 0.9411764705882353, 0.0], [0.6666666666666666, 0.3333333333333333, 0.0, 0.0], [0.05405405405405406, 0.21621621621621623, 0.32432432432432434, 0.40540540540540543], [0.0, 0.0, 0.4, 0.6], [0.16666666666666666, 0.6666666666666666, 0.16666666666666666, 0.0], [0.1, 0.9, 0.0, 0.0], [0.0, 1.0, 0.0, 0.0], [1.0, 0.0, 0.0, 0.0], [0.222397476340694, 0.32965299684542587, 0.2823343848580442, 0.16561514195583596], [0.2537313432835821, 0.3451492537313433, 0.2630597014925373, 0.13805970149253732], [0.22972972972972974, 0.33783783783783783, 0.27702702702702703, 0.1554054054054054], [0.20170454545454544, 0.3210227272727273, 0.2840909090909091, 0.19318181818181818], [0.4017857142857143, 0.45535714285714285, 0.13392857142857142, 0.008928571428571428], [0.2597402597402597, 0.5324675324675324, 0.19480519480519481, 0.012987012987012988], [0.36538461538461536, 0.5769230769230769, 0.038461538461538464, 0.019230769230769232], [0.04, 0.44, 0.52, 0.0], [0.7142857142857143, 0.2857142857142857, 0.0, 0.0], [0.9411764705882353, 0.058823529411764705, 0.0, 0.0], [0.5, 0.5, 0.0, 0.0], [0.10833333333333334,